0.31778 0.32182    3.938e-05 0.29826    0.48999 0.43405    0.66426 0.095358    
0.31778 0.32182    3.938e-05 0.29826    0.48999 0.43405    0.66426 0.095358    
0.31778 0.32182    3.938e-05 0.29826    0.48999 0.43405    0.66426 0.095358    
0.31778 0.32182    3.938e-05 0.29826    0.48999 0.43405    0.66426 0.095358    
0.31778 0.32182    3.938e-05 0.29826    0.48999 0.43405    0.66426 0.095358    

0.33717 0.33473    4.1328e-05 0.31544    0.48307 0.43182    0.72147 0.056093    
0.33717 0.33473    4.1328e-05 0.31544    0.48307 0.43182    0.72147 0.056093    
0.33717 0.33473    4.1328e-05 0.31544    0.48307 0.43182    0.72147 0.056093    
0.33717 0.33473    4.1328e-05 0.31544    0.48307 0.43182    0.72147 0.056093    
0.33717 0.33473    4.1328e-05 0.31544    0.48307 0.43182    0.72147 0.056093    

0.32189 0.32779    2.935e-05 0.19461    0.55806 0.47802    0.77673 0.04602    
0.32189 0.32779    2.935e-05 0.19461    0.55806 0.47802    0.77673 0.04602    
0.32189 0.32779    2.935e-05 0.19461    0.55806 0.47802    0.77673 0.04602    
0.32189 0.32779    2.935e-05 0.19461    0.55806 0.47802    0.77673 0.04602    
0.32189 0.32779    2.935e-05 0.19461    0.55806 0.47802    0.77673 0.04602    

0.32426 0.31926    0.043527 0.51776    0.35376 0.30566    0.47347 0.052976    
0.32426 0.31926    0.043527 0.51776    0.35376 0.30566    0.47347 0.052976    
0.32426 0.31926    0.043527 0.51776    0.35376 0.30566    0.47347 0.052976    
0.32426 0.31926    0.043527 0.51776    0.35376 0.30566    0.47347 0.052976    
0.32426 0.31926    0.043527 0.51776    0.35376 0.30566    0.47347 0.052976    

0.35322 0.35908    4.9286e-05 0.33308    0.42887 0.42817    0.63427 0.06377    
0.35322 0.35908    4.9286e-05 0.33308    0.42887 0.42817    0.63427 0.06377    
0.35322 0.35908    4.9286e-05 0.33308    0.42887 0.42817    0.63427 0.06377    
0.35322 0.35908    4.9286e-05 0.33308    0.42887 0.42817    0.63427 0.06377    
0.35322 0.35908    4.9286e-05 0.33308    0.42887 0.42817    0.63427 0.06377    

