0.31733 0.32182    3.9324e-05 0.29826    0.48929 0.43405    0.66331 0.095358    
0.31733 0.32182    3.9324e-05 0.29826    0.48929 0.43405    0.66331 0.095358    
0.31733 0.32182    3.9324e-05 0.29826    0.48929 0.43405    0.66331 0.095358    
0.31733 0.32182    3.9324e-05 0.29826    0.48929 0.43405    0.66331 0.095358    
0.31733 0.32182    3.9324e-05 0.29826    0.48929 0.43405    0.66331 0.095358    

0.334 0.33473    4.094e-05 0.31544    0.47853 0.43182    0.71469 0.056093    
0.334 0.33473    4.094e-05 0.31544    0.47853 0.43182    0.71469 0.056093    
0.334 0.33473    4.094e-05 0.31544    0.47853 0.43182    0.71469 0.056093    
0.334 0.33473    4.094e-05 0.31544    0.47853 0.43182    0.71469 0.056093    
0.334 0.33473    4.094e-05 0.31544    0.47853 0.43182    0.71469 0.056093    

0.31926 0.32779    2.9111e-05 0.19461    0.55351 0.47802    0.7704 0.04602    
0.31926 0.32779    2.9111e-05 0.19461    0.55351 0.47802    0.7704 0.04602    
0.31926 0.32779    2.9111e-05 0.19461    0.55351 0.47802    0.7704 0.04602    
0.31926 0.32779    2.9111e-05 0.19461    0.55351 0.47802    0.7704 0.04602    
0.31926 0.32779    2.9111e-05 0.19461    0.55351 0.47802    0.7704 0.04602    

0.32681 0.31926    0.043869 0.51776    0.35654 0.30566    0.47719 0.052976    
0.32681 0.31926    0.043869 0.51776    0.35654 0.30566    0.47719 0.052976    
0.32681 0.31926    0.043869 0.51776    0.35654 0.30566    0.47719 0.052976    
0.32681 0.31926    0.043869 0.51776    0.35654 0.30566    0.47719 0.052976    
0.32681 0.31926    0.043869 0.51776    0.35654 0.30566    0.47719 0.052976    

0.35196 0.35908    4.9111e-05 0.33308    0.42735 0.42817    0.63202 0.06377    
0.35196 0.35908    4.9111e-05 0.33308    0.42735 0.42817    0.63202 0.06377    
0.35196 0.35908    4.9111e-05 0.33308    0.42735 0.42817    0.63202 0.06377    
0.35196 0.35908    4.9111e-05 0.33308    0.42735 0.42817    0.63202 0.06377    
0.35196 0.35908    4.9111e-05 0.33308    0.42735 0.42817    0.63202 0.06377    

