0.32182 0.32182    3.988e-05 0.29826    0.49621 0.43405    0.6727 0.095358    
0.32182 0.32182    3.988e-05 0.29826    0.49621 0.43405    0.6727 0.095358    
0.32182 0.32182    3.988e-05 0.29826    0.49621 0.43405    0.6727 0.095358    
0.32182 0.32182    3.988e-05 0.29826    0.49621 0.43405    0.6727 0.095358    
0.32182 0.32182    3.988e-05 0.29826    0.49621 0.43405    0.6727 0.095358    

0.33473 0.33473    4.1029e-05 0.31544    0.47958 0.43182    0.71625 0.056093    
0.33473 0.33473    4.1029e-05 0.31544    0.47958 0.43182    0.71625 0.056093    
0.33473 0.33473    4.1029e-05 0.31544    0.47958 0.43182    0.71625 0.056093    
0.33473 0.33473    4.1029e-05 0.31544    0.47958 0.43182    0.71625 0.056093    
0.33473 0.33473    4.1029e-05 0.31544    0.47958 0.43182    0.71625 0.056093    

0.32779 0.32779    2.9889e-05 0.19461    0.5683 0.47802    0.79099 0.04602    
0.32779 0.32779    2.9889e-05 0.19461    0.5683 0.47802    0.79099 0.04602    
0.32779 0.32779    2.9889e-05 0.19461    0.5683 0.47802    0.79099 0.04602    
0.32779 0.32779    2.9889e-05 0.19461    0.5683 0.47802    0.79099 0.04602    
0.32779 0.32779    2.9889e-05 0.19461    0.5683 0.47802    0.79099 0.04602    

0.33257 0.31926    0.044642 0.51776    0.36283 0.30566    0.48561 0.052976    
0.33257 0.31926    0.044642 0.51776    0.36283 0.30566    0.48561 0.052976    
0.33257 0.31926    0.044642 0.51776    0.36283 0.30566    0.48561 0.052976    
0.33257 0.31926    0.044642 0.51776    0.36283 0.30566    0.48561 0.052976    
0.33257 0.31926    0.044642 0.51776    0.36283 0.30566    0.48561 0.052976    

0.35908 0.35908    5.0104e-05 0.33308    0.43598 0.42817    0.64479 0.06377    
0.35908 0.35908    5.0104e-05 0.33308    0.43598 0.42817    0.64479 0.06377    
0.35908 0.35908    5.0104e-05 0.33308    0.43598 0.42817    0.64479 0.06377    
0.35908 0.35908    5.0104e-05 0.33308    0.43598 0.42817    0.64479 0.06377    
0.35908 0.35908    5.0104e-05 0.33308    0.43598 0.42817    0.64479 0.06377    

